0.538461538462
0.636363636364
0.428571428571
0.882352941176
1.0
0.692307692308
0.454545454545
0.833333333333
0.571428571429
0.733333333333
0.538461538462
1.0
1.0
0.294117647059
0.75
0.5
0.388888888889
0.428571428571
0.333333333333
0.615384615385
1.0
0.642857142857
0.916666666667
0.4375
0.466666666667
0.666666666667
0.545454545455
0.611111111111
0.545454545455
0.75
0.75
1.0
0.538461538462
0.6
1.0
0.666666666667
0.375
0.8125
0.714285714286
0.545454545455
0.727272727273
0.545454545455
0.571428571429
0.75
0.818181818182
0.909090909091
0.833333333333
0.846153846154
0.466666666667
0.666666666667
0.75
0.714285714286
0.625
0.833333333333
0.666666666667
0.285714285714
0.714285714286
0.428571428571
0.666666666667
0.307692307692
0.615384615385
0.5
0.875
0.75
0.615384615385
0.428571428571
0.4
0.736842105263
0.785714285714
0.733333333333
0.846153846154
0.8
0.7
0.777777777778
0.5625
0.727272727273
0.818181818182
0.631578947368
0.611111111111
0.75
0.8
0.6
0.545454545455
0.857142857143
0.473684210526
0.866666666667
0.666666666667
0.411764705882
0.666666666667
0.777777777778
0.470588235294
0.461538461538
0.533333333333
0.583333333333
0.555555555556
0.8125
0.6
0.571428571429
0.6
0.454545454545
0.75
0.769230769231
0.0833333333333
0.736842105263
0.636363636364
0.8
0.882352941176
0.75
0.5
0.8
0.615384615385
0.571428571429
0.5
0.666666666667
1.0
0.866666666667
0.909090909091
0.833333333333
0.8
0.933333333333
0.923076923077
0.909090909091
0.625
0.75
0.714285714286
0.533333333333
0.529411764706
0.571428571429
0.5
0.666666666667
0.8125
0.578947368421
0.642857142857
0.5
0.4
0.666666666667
0.357142857143
0.5625
0.470588235294
0.846153846154
0.736842105263
0.75
0.941176470588
0.576923076923
0.615384615385
0.666666666667
0.533333333333
0.375
0.9
0.8125
0.5625
0.333333333333
0.190476190476
0.411764705882
1.0
0.538461538462
0.785714285714
0.266666666667
1.0
1.0
0.714285714286
0.636363636364
0.37037037037
0.615384615385
0.333333333333
1.0
1.0
0.8
0.4
0.777777777778
1.0
1.0
0.857142857143
0.666666666667
0.833333333333
0.555555555556
0.615384615385
0.833333333333
0.75
0.785714285714
0.416666666667
0.235294117647
0.642857142857
1.0
0.615384615385
0.894736842105
0.352941176471
0.235294117647
0.714285714286
0.538461538462
0.9
0.454545454545
0.909090909091
0.642857142857
0.363636363636
0.625
1.0
0.461538461538
0.777777777778
0.8
0.692307692308
0.733333333333
0.666666666667
0.4
1.0
0.533333333333
0.833333333333
0.5
0.666666666667
0.583333333333
1.0
0.692307692308
1.0
0.875
0.588235294118
1.0
0.6
1.0
1.0
0.8
1.0
0.875
0.769230769231
0.769230769231
0.416666666667
0.777777777778
0.692307692308
0.777777777778
0.8125
0.473684210526
0.714285714286
0.666666666667
1.0
1.0
0.416666666667
0.473684210526
0.666666666667
0.545454545455
1.0
0.75
0.454545454545
0.5
0.384615384615
1.0
0.571428571429
0.636363636364
1.0
0.565217391304
0.764705882353
0.2
0.666666666667
0.428571428571
1.0
0.666666666667
0.6875
0.571428571429
1.0
0.9
0.583333333333
0.538461538462
0.666666666667
0.888888888889
0.583333333333
1.0
0.5
0.7
0.545454545455
0.714285714286
0.142857142857
0.8
0.454545454545
0.733333333333
0.65
0.777777777778
1.0
1.0
0.428571428571
0.545454545455
0.727272727273
0.777777777778
0.75
0.615384615385
1.0
0.823529411765
0.6
0.928571428571
0.272727272727
1.0
0.785714285714
0.769230769231
0.4
0.666666666667
0.684210526316
0.75
0.538461538462
0.666666666667
0.578947368421
0.75
0.454545454545
0.5
