0.461538461538
0.636363636364
0.285714285714
0.764705882353
1.0
0.615384615385
0.181818181818
0.833333333333
0.357142857143
0.666666666667
0.461538461538
1.0
1.0
0.235294117647
0.75
0.428571428571
0.277777777778
0.285714285714
0.25
0.307692307692
1.0
0.571428571429
0.75
0.1875
0.466666666667
0.416666666667
0.454545454545
0.5
0.363636363636
0.5
0.416666666667
1.0
0.384615384615
0.4
1.0
0.555555555556
0.25
0.5
0.52380952381
0.545454545455
0.636363636364
0.454545454545
0.428571428571
0.5
0.727272727273
0.818181818182
0.833333333333
0.846153846154
0.4
0.5
0.75
0.642857142857
0.625
0.666666666667
0.6
0.214285714286
0.642857142857
0.428571428571
0.333333333333
0.230769230769
0.538461538462
0.416666666667
0.625
0.75
0.538461538462
0.428571428571
0.4
0.684210526316
0.785714285714
0.533333333333
0.846153846154
0.6
0.5
0.666666666667
0.4375
0.636363636364
0.727272727273
0.578947368421
0.611111111111
0.625
0.733333333333
0.4
0.454545454545
0.857142857143
0.263157894737
0.866666666667
0.583333333333
0.235294117647
0.555555555556
0.666666666667
0.352941176471
0.461538461538
0.266666666667
0.5
0.444444444444
0.6875
0.4
0.571428571429
0.6
0.454545454545
0.75
0.692307692308
0.0833333333333
0.631578947368
0.545454545455
0.533333333333
0.764705882353
0.75
0.357142857143
0.733333333333
0.384615384615
0.571428571429
0.375
0.666666666667
1.0
0.866666666667
0.818181818182
0.583333333333
0.8
0.866666666667
0.923076923077
0.545454545455
0.375
0.5
0.428571428571
0.466666666667
0.352941176471
0.5
0.4
0.5
0.6875
0.526315789474
0.428571428571
0.333333333333
0.2
0.333333333333
0.142857142857
0.4375
0.411764705882
0.846153846154
0.736842105263
0.625
0.882352941176
0.576923076923
0.615384615385
0.666666666667
0.466666666667
0.3125
0.6
0.6875
0.5
0.266666666667
0.190476190476
0.352941176471
1.0
0.384615384615
0.714285714286
0.266666666667
1.0
1.0
0.428571428571
0.363636363636
0.37037037037
0.615384615385
0.333333333333
1.0
1.0
0.533333333333
0.4
0.777777777778
1.0
1.0
0.857142857143
0.666666666667
0.75
0.555555555556
0.461538461538
0.75
0.75
0.714285714286
0.416666666667
0.117647058824
0.642857142857
0.941176470588
0.538461538462
0.894736842105
0.235294117647
0.176470588235
0.571428571429
0.538461538462
0.9
0.272727272727
0.727272727273
0.5
0.272727272727
0.375
0.8
0.461538461538
0.777777777778
0.8
0.538461538462
0.733333333333
0.5
0.4
1.0
0.466666666667
0.666666666667
0.166666666667
0.666666666667
0.583333333333
0.875
0.384615384615
1.0
0.875
0.588235294118
1.0
0.5
1.0
1.0
0.8
0.857142857143
0.875
0.692307692308
0.692307692308
0.416666666667
0.666666666667
0.538461538462
0.555555555556
0.8125
0.368421052632
0.619047619048
0.555555555556
1.0
0.928571428571
0.25
0.263157894737
0.666666666667
0.454545454545
1.0
0.75
0.363636363636
0.2
0.230769230769
1.0
0.5
0.545454545455
0.636363636364
0.521739130435
0.705882352941
0.1
0.416666666667
0.357142857143
1.0
0.666666666667
0.625
0.571428571429
1.0
0.9
0.416666666667
0.461538461538
0.5
0.777777777778
0.333333333333
1.0
0.375
0.7
0.363636363636
0.642857142857
0.0
0.733333333333
0.181818181818
0.6
0.6
0.666666666667
1.0
1.0
0.285714285714
0.363636363636
0.636363636364
0.666666666667
0.583333333333
0.615384615385
1.0
0.764705882353
0.5
0.785714285714
0.181818181818
0.833333333333
0.785714285714
0.769230769231
0.333333333333
0.5
0.473684210526
0.625
0.538461538462
0.5
0.526315789474
0.625
0.363636363636
0.333333333333
