0.545454545455
1.0
1.0
1.0
0.75
1.0
1.0
0.333333333333
1.0
1.0
1.0
1.0
1.0
1.0
0.666666666667
1.0
1.0
1.0
1.0
1.0
1.0
1.0
0.777777777778
0.666666666667
1.0
0.8
0.8
0.6
0.4
1.0
0.833333333333
0.75
1.0
0.6
1.0
0.428571428571
0.833333333333
0.636363636364
0.666666666667
0.666666666667
0.444444444444
1.0
0.642857142857
0.714285714286
0.833333333333
0.5
0.5
1.0
1.0
1.0
1.0
1.0
0.5
0.714285714286
1.0
0.333333333333
1.0
0.444444444444
0.6
0.5
1.0
1.0
0.75
1.0
1.0
0.75
0.714285714286
0.833333333333
0.0
0.555555555556
0.909090909091
0.666666666667
0.8
0.7
1.0
1.0
1.0
1.0
0.181818181818
1.0
0.833333333333
0.444444444444
0.666666666667
1.0
0.833333333333
0.166666666667
1.0
0.8
1.0
0.75
0.166666666667
0.923076923077
1.0
1.0
0.875
0.0
1.0
1.0
0.0
1.0
0.75
0.666666666667
0.8
0.75
0.75
0.75
1.0
0.833333333333
1.0
0.0
0.777777777778
1.0
0.714285714286
1.0
1.0
1.0
1.0
0.857142857143
1.0
1.0
0.0
0.2
0.8
1.0
1.0
0.6
1.0
0.857142857143
1.0
0.75
0.714285714286
0.6
0.333333333333
0.714285714286
0.714285714286
0.8
1.0
1.0
0.333333333333
0.857142857143
1.0
0.8
1.0
0.25
1.0
1.0
0.5
1.0
1.0
0.857142857143
0.6
1.0
1.0
0.714285714286
1.0
1.0
0.571428571429
1.0
1.0
1.0
1.0
0.769230769231
0.615384615385
1.0
1.0
1.0
1.0
0.777777777778
0.4
1.0
0.333333333333
0.285714285714
1.0
1.0
0.4
1.0
1.0
0.357142857143
0.8
0.833333333333
1.0
1.0
1.0
1.0
0.714285714286
0.583333333333
1.0
0.909090909091
1.0
0.428571428571
0.4
1.0
1.0
0.5
1.0
0.428571428571
1.0
1.0
1.0
0.6
0.545454545455
0.5
0.75
0.75
0.6
0.75
1.0
1.0
1.0
0.888888888889
0.666666666667
1.0
1.0
0.5
1.0
1.0
1.0
1.0
1.0
0.7
1.0
0.8
1.0
1.0
0.777777777778
0.8
0.428571428571
0.75
0.6
0.571428571429
1.0
1.0
0.857142857143
0.888888888889
0.909090909091
1.0
1.0
0.833333333333
1.0
1.0
1.0
0.333333333333
1.0
1.0
1.0
0.8
0.666666666667
1.0
0.8
1.0
0.545454545455
1.0
1.0
0.8
0.666666666667
0.545454545455
0.714285714286
1.0
0.625
1.0
1.0
0.857142857143
1.0
1.0
1.0
0.857142857143
1.0
0.692307692308
0.8
0.428571428571
0.5
0.833333333333
0.75
0.875
1.0
1.0
0.733333333333
0.7
1.0
0.444444444444
0.5
0.4
1.0
0.6
1.0
0.875
1.0
0.2
0.0
1.0
1.0
0.714285714286
0.692307692308
0.8
0.857142857143
0.571428571429
1.0
0.857142857143
1.0
1.0
0.666666666667
1.0
0.875
0.888888888889
0.571428571429
0.0
1.0
0.666666666667
0.75
0.4
0.444444444444
0.444444444444
0.6
0.352941176471
0.714285714286
1.0
1.0
0.8
1.0
0.75
0.8
0.75
1.0
1.0
1.0
1.0
0.625
0.833333333333
0.25
1.0
0.5625
1.0
1.0
1.0
1.0
0.642857142857
0.555555555556
1.0
1.0
0.636363636364
0.4
0.75
0.666666666667
1.0
1.0
1.0
1.0
1.0
1.0
1.0
1.0
1.0
1.0
1.0
0.833333333333
0.333333333333
1.0
0.666666666667
0.5
1.0
1.0
1.0
0.75
1.0
0.75
0.75
1.0
0.714285714286
0.0
0.714285714286
0.571428571429
1.0
0.5
1.0
0.875
0.833333333333
0.666666666667
1.0
0.9
0.833333333333
0.769230769231
0.666666666667
0.0
0.0
1.0
1.0
0.5
1.0
0.333333333333
1.0
1.0
1.0
1.0
0.666666666667
0.6
0.714285714286
0.833333333333
1.0
1.0
1.0
1.0
0.5
0.666666666667
1.0
0.75
1.0
0.75
0.6
1.0
1.0
0.75
0.666666666667
1.0
0.5
0.8
0.9
0.818181818182
1.0
1.0
0.833333333333
0.75
1.0
1.0
1.0
1.0
1.0
0.75
1.0
0.375
1.0
0.583333333333
0.833333333333
0.666666666667
0.666666666667
0.357142857143
0.666666666667
1.0
0.833333333333
0.75
0.8
0.6
1.0
0.714285714286
0.6
0.666666666667
1.0
1.0
1.0
0.428571428571
0.75
1.0
0.916666666667
0.583333333333
0.285714285714
0.9
0.4
0.285714285714
0.5
1.0
1.0
0.666666666667
0.2
1.0
1.0
1.0
0.5
0.6
0.714285714286
0.857142857143
1.0
0.615384615385
0.5
0.333333333333
0.285714285714
0.8
1.0
0.777777777778
0.666666666667
0.833333333333
0.5
0.4
0.666666666667
0.375
0.636363636364
0.777777777778
0.666666666667
0.166666666667
0.875
0.727272727273
0.266666666667
0.294117647059
1.0
0.6
1.0
1.0
0.75
1.0
1.0
1.0
0.666666666667
0.8
1.0
0.8
0.8
0.875
1.0
1.0
1.0
0.636363636364
0.8
1.0
1.0
1.0
0.8
1.0
0.8
1.0
0.5
0.578947368421
0.6
0.888888888889
1.0
1.0
1.0
1.0
1.0
0.333333333333
0.9
1.0
0.666666666667
1.0
1.0
1.0
0.8
1.0
0.6
0.857142857143
0.857142857143
0.777777777778
1.0
1.0
1.0
0.5
1.0
1.0
0.857142857143
1.0
0.625
0.7
1.0
1.0
1.0
0.571428571429
1.0
1.0
0.833333333333
1.0
0.6
0.727272727273
0.375
1.0
0.6
0.555555555556
0.857142857143
1.0
0.857142857143
0.875
1.0
0.571428571429
1.0
0.555555555556
1.0
0.866666666667
1.0
0.666666666667
1.0
0.333333333333
1.0
1.0
0.571428571429
0.625
1.0
0.833333333333
0.6
1.0
0.444444444444
1.0
1.0
1.0
0.6
0.777777777778
0.5
0.714285714286
1.0
0.666666666667
1.0
0.875
0.642857142857
1.0
0.8
0.8
1.0
0.5
1.0
1.0
1.0
1.0
0.5
0.625
1.0
1.0
1.0
1.0
1.0
1.0
1.0
1.0
0.666666666667
0.666666666667
0.6
0.714285714286
1.0
0.5
1.0
1.0
1.0
1.0
1.0
0.833333333333
0.571428571429
0.833333333333
0.5
0.857142857143
0.642857142857
1.0
0.888888888889
0.5
0.75
1.0
1.0
0.6
1.0
1.0
1.0
0.571428571429
1.0
0.75
1.0
1.0
0.4
1.0
1.0
0.4375
0.533333333333
0.714285714286
0.714285714286
1.0
1.0
1.0
1.0
1.0
0.0
0.625
1.0
0.75
0.5
0.888888888889
0.769230769231
0.571428571429
0.75
0.714285714286
0.833333333333
0.8
1.0
0.8
1.0
0.75
1.0
0.285714285714
0.222222222222
0.714285714286
1.0
0.6
0.571428571429
1.0
0.454545454545
0.363636363636
0.363636363636
0.5
0.4
0.0
1.0
1.0
1.0
0.692307692308
0.666666666667
0.818181818182
0.636363636364
1.0
0.857142857143
0.5
0.166666666667
0.375
0.0714285714286
0.333333333333
0.833333333333
0.5
0.818181818182
0.714285714286
0.5
0.571428571429
0.842105263158
0.777777777778
0.615384615385
0.545454545455
0.52380952381
0.666666666667
0.8125
0.5
0.65
0.555555555556
0.277777777778
0.5
0.727272727273
0.7
0.8
0.7
0.8
0.666666666667
0.642857142857
0.888888888889
0.588235294118
0.714285714286
0.333333333333
0.666666666667
0.833333333333
0.888888888889
0.666666666667
1.0
1.0
0.181818181818
0.285714285714
0.7
0.555555555556
0.5625
0.6
0.8
0.5
0.454545454545
0.538461538462
0.4375
0.857142857143
0.375
0.692307692308
0.666666666667
0.611111111111
0.625
0.647058823529
0.75
0.727272727273
0.545454545455
1.0
0.428571428571
0.538461538462
0.545454545455
0.473684210526
0.923076923077
0.333333333333
0.4375
0.571428571429
0.75
0.727272727273
0.642857142857
1.0
0.538461538462
1.0
0.7
0.692307692308
0.833333333333
0.727272727273
0.555555555556
0.5
0.5
0.692307692308
0.666666666667
0.611111111111
0.4
0.733333333333
0.75
0.285714285714
0.75
0.8
0.8
0.666666666667
0.8
1.0
0.692307692308
0.777777777778
0.4
0.5
0.6
0.555555555556
0.5
0.428571428571
0.25
0.857142857143
0.833333333333
0.571428571429
0.6
0.727272727273
0.0833333333333
0.714285714286
0.727272727273
0.642857142857
0.692307692308
0.666666666667
0.625
0.611111111111
0.666666666667
0.5
0.7
0.470588235294
0.5
0.52380952381
0.411764705882
0.555555555556
0.75
0.625
0.466666666667
0.692307692308
0.545454545455
0.636363636364
1.0
1.0
0.833333333333
0.6
1.0
0.714285714286
0.666666666667
0.411764705882
0.714285714286
0.733333333333
0.666666666667
0.769230769231
0.8125
0.333333333333
0.571428571429
0.888888888889
1.0
0.785714285714
0.363636363636
0.785714285714
0.75
1.0
0.833333333333
0.9
0.384615384615
0.833333333333
0.8
0.875
0.5
0.5
0.625
0.190476190476
0.857142857143
0.666666666667
0.0
0.0
0.25
0.3
0.526315789474
1.0
0.875
1.0
0.6
1.0
0.333333333333
0.25
0.25
0.666666666667
1.0
0.555555555556
1.0
1.0
1.0
0.666666666667
1.0
0.571428571429
0.555555555556
1.0
0.8
0.0
0.285714285714
0.8
1.0
1.0
0.666666666667
0.75
1.0
0.4
1.0
0.4
0.875
0.727272727273
0.6
0.75
0.75
0.8
0.833333333333
1.0
1.0
1.0
1.0
1.0
1.0
0.75
0.5
1.0
1.0
1.0
1.0
1.0
1.0
0.0
1.0
0.75
1.0
1.0
1.0
1.0
1.0
1.0
1.0
1.0
0.0
1.0
1.0
1.0
1.0
1.0
1.0
0.833333333333
1.0
1.0
0.666666666667
0.75
1.0
0.666666666667
1.0
0.888888888889
1.0
1.0
1.0
1.0
1.0
1.0
1.0
1.0
0.428571428571
1.0
1.0
1.0
1.0
1.0
1.0
0.75
1.0
1.0
1.0
1.0
1.0
0.666666666667
0.166666666667
1.0
1.0
1.0
1.0
1.0
1.0
1.0
1.0
1.0
1.0
1.0
1.0
1.0
1.0
1.0
0.75
1.0
1.0
1.0
1.0
1.0
1.0
1.0
1.0
0.75
1.0
1.0
